40 40
7.12169 6.81612 6.23488 5.43488 4.49443 3.50557 2.56512 1.76512 1.18388 0.87831 0.87831 1.18388 1.76512 2.56512 3.50557 4.49443 5.43488 6.23488 6.81612 7.12169 7.12169 6.81612 6.23488 5.43488 4.49443 3.50557 2.56512 1.76512 1.18388 0.87831 0.87831 1.18388 1.76512 2.56512 3.50557 4.49443 5.43488 6.23488 6.81612 7.12169 
6.81612 6.54046 6.01612 5.29443 4.44603 3.55397 2.70557 1.98388 1.45954 1.18388 1.18388 1.45954 1.98388 2.70557 3.55397 4.44603 5.29443 6.01612 6.54046 6.81612 6.81612 6.54046 6.01612 5.29443 4.44603 3.55397 2.70557 1.98388 1.45954 1.18388 1.18388 1.45954 1.98388 2.70557 3.55397 4.44603 5.29443 6.01612 6.54046 6.81612 
6.23488 6.01612 5.6 5.02726 4.35397 3.64603 2.97274 2.4 1.98388 1.76512 1.76512 1.98388 2.4 2.97274 3.64603 4.35397 5.02726 5.6 6.01612 6.23488 6.23488 6.01612 5.6 5.02726 4.35397 3.64603 2.97274 2.4 1.98388 1.76512 1.76512 1.98388 2.4 2.97274 3.64603 4.35397 5.02726 5.6 6.01612 6.23488 
5.43488 5.29443 5.02726 4.65954 4.22726 3.77274 3.34046 2.97274 2.70557 2.56512 2.56512 2.70557 2.97274 3.34046 3.77274 4.22726 4.65954 5.02726 5.29443 5.43488 5.43488 5.29443 5.02726 4.65954 4.22726 3.77274 3.34046 2.97274 2.70557 2.56512 2.56512 2.70557 2.97274 3.34046 3.77274 4.22726 4.65954 5.02726 5.29443 5.43488 
4.49443 4.44603 4.35397 4.22726 4.07831 3.92169 3.77274 3.64603 3.55397 3.50557 3.50557 3.55397 3.64603 3.77274 3.92169 4.07831 4.22726 4.35397 4.44603 4.49443 4.49443 4.44603 4.35397 4.22726 4.07831 3.92169 3.77274 3.64603 3.55397 3.50557 3.50557 3.55397 3.64603 3.77274 3.92169 4.07831 4.22726 4.35397 4.44603 4.49443 
3.50557 3.55397 3.64603 3.77274 3.92169 4.07831 4.22726 4.35397 4.44603 4.49443 4.49443 4.44603 4.35397 4.22726 4.07831 3.92169 3.77274 3.64603 3.55397 3.50557 3.50557 3.55397 3.64603 3.77274 3.92169 4.07831 4.22726 4.35397 4.44603 4.49443 4.49443 4.44603 4.35397 4.22726 4.07831 3.92169 3.77274 3.64603 3.55397 3.50557 
2.56512 2.70557 2.97274 3.34046 3.77274 4.22726 4.65954 5.02726 5.29443 5.43488 5.43488 5.29443 5.02726 4.65954 4.22726 3.77274 3.34046 2.97274 2.70557 2.56512 2.56512 2.70557 2.97274 3.34046 3.77274 4.22726 4.65954 5.02726 5.29443 5.43488 5.43488 5.29443 5.02726 4.65954 4.22726 3.77274 3.34046 2.97274 2.70557 2.56512 
1.76512 1.98388 2.4 2.97274 3.64603 4.35397 5.02726 5.6 6.01612 6.23488 6.23488 6.01612 5.6 5.02726 4.35397 3.64603 2.97274 2.4 1.98388 1.76512 1.76512 1.98388 2.4 2.97274 3.64603 4.35397 5.02726 5.6 6.01612 6.23488 6.23488 6.01612 5.6 5.02726 4.35397 3.64603 2.97274 2.4 1.98388 1.76512 
1.18388 1.45954 1.98388 2.70557 3.55397 4.44603 5.29443 6.01612 6.54046 6.81612 6.81612 6.54046 6.01612 5.29443 4.44603 3.55397 2.70557 1.98388 1.45954 1.18388 1.18388 1.45954 1.98388 2.70557 3.55397 4.44603 5.29443 6.01612 6.54046 6.81612 6.81612 6.54046 6.01612 5.29443 4.44603 3.55397 2.70557 1.98388 1.45954 1.18388 
0.87831 1.18388 1.76512 2.56512 3.50557 4.49443 5.43488 6.23488 6.81612 7.12169 7.12169 6.81612 6.23488 5.43488 4.49443 3.50557 2.56512 1.76512 1.18388 0.87831 0.87831 1.18388 1.76512 2.56512 3.50557 4.49443 5.43488 6.23488 6.81612 7.12169 7.12169 6.81612 6.23488 5.43488 4.49443 3.50557 2.56512 1.76512 1.18388 0.87831 
0.87831 1.18388 1.76512 2.56512 3.50557 4.49443 5.43488 6.23488 6.81612 7.12169 7.12169 6.81612 6.23488 5.43488 4.49443 3.50557 2.56512 1.76512 1.18388 0.87831 0.87831 1.18388 1.76512 2.56512 3.50557 4.49443 5.43488 6.23488 6.81612 7.12169 7.12169 6.81612 6.23488 5.43488 4.49443 3.50557 2.56512 1.76512 1.18388 0.87831 
1.18388 1.45954 1.98388 2.70557 3.55397 4.44603 5.29443 6.01612 6.54046 6.81612 6.81612 6.54046 6.01612 5.29443 4.44603 3.55397 2.70557 1.98388 1.45954 1.18388 1.18388 1.45954 1.98388 2.70557 3.55397 4.44603 5.29443 6.01612 6.54046 6.81612 6.81612 6.54046 6.01612 5.29443 4.44603 3.55397 2.70557 1.98388 1.45954 1.18388 
1.76512 1.98388 2.4 2.97274 3.64603 4.35397 5.02726 5.6 6.01612 6.23488 6.23488 6.01612 5.6 5.02726 4.35397 3.64603 2.97274 2.4 1.98388 1.76512 1.76512 1.98388 2.4 2.97274 3.64603 4.35397 5.02726 5.6 6.01612 6.23488 6.23488 6.01612 5.6 5.02726 4.35397 3.64603 2.97274 2.4 1.98388 1.76512 
2.56512 2.70557 2.97274 3.34046 3.77274 4.22726 4.65954 5.02726 5.29443 5.43488 5.43488 5.29443 5.02726 4.65954 4.22726 3.77274 3.34046 2.97274 2.70557 2.56512 2.56512 2.70557 2.97274 3.34046 3.77274 4.22726 4.65954 5.02726 5.29443 5.43488 5.43488 5.29443 5.02726 4.65954 4.22726 3.77274 3.34046 2.97274 2.70557 2.56512 
3.50557 3.55397 3.64603 3.77274 3.92169 4.07831 4.22726 4.35397 4.44603 4.49443 4.49443 4.44603 4.35397 4.22726 4.07831 3.92169 3.77274 3.64603 3.55397 3.50557 3.50557 3.55397 3.64603 3.77274 3.92169 4.07831 4.22726 4.35397 4.44603 4.49443 4.49443 4.44603 4.35397 4.22726 4.07831 3.92169 3.77274 3.64603 3.55397 3.50557 
4.49443 4.44603 4.35397 4.22726 4.07831 3.92169 3.77274 3.64603 3.55397 3.50557 3.50557 3.55397 3.64603 3.77274 3.92169 4.07831 4.22726 4.35397 4.44603 4.49443 4.49443 4.44603 4.35397 4.22726 4.07831 3.92169 3.77274 3.64603 3.55397 3.50557 3.50557 3.55397 3.64603 3.77274 3.92169 4.07831 4.22726 4.35397 4.44603 4.49443 
5.43488 5.29443 5.02726 4.65954 4.22726 3.77274 3.34046 2.97274 2.70557 2.56512 2.56512 2.70557 2.97274 3.34046 3.77274 4.22726 4.65954 5.02726 5.29443 5.43488 5.43488 5.29443 5.02726 4.65954 4.22726 3.77274 3.34046 2.97274 2.70557 2.56512 2.56512 2.70557 2.97274 3.34046 3.77274 4.22726 4.65954 5.02726 5.29443 5.43488 
6.23488 6.01612 5.6 5.02726 4.35397 3.64603 2.97274 2.4 1.98388 1.76512 1.76512 1.98388 2.4 2.97274 3.64603 4.35397 5.02726 5.6 6.01612 6.23488 6.23488 6.01612 5.6 5.02726 4.35397 3.64603 2.97274 2.4 1.98388 1.76512 1.76512 1.98388 2.4 2.97274 3.64603 4.35397 5.02726 5.6 6.01612 6.23488 
6.81612 6.54046 6.01612 5.29443 4.44603 3.55397 2.70557 1.98388 1.45954 1.18388 1.18388 1.45954 1.98388 2.70557 3.55397 4.44603 5.29443 6.01612 6.54046 6.81612 6.81612 6.54046 6.01612 5.29443 4.44603 3.55397 2.70557 1.98388 1.45954 1.18388 1.18388 1.45954 1.98388 2.70557 3.55397 4.44603 5.29443 6.01612 6.54046 6.81612 
7.12169 6.81612 6.23488 5.43488 4.49443 3.50557 2.56512 1.76512 1.18388 0.87831 0.87831 1.18388 1.76512 2.56512 3.50557 4.49443 5.43488 6.23488 6.81612 7.12169 7.12169 6.81612 6.23488 5.43488 4.49443 3.50557 2.56512 1.76512 1.18388 0.87831 0.87831 1.18388 1.76512 2.56512 3.50557 4.49443 5.43488 6.23488 6.81612 7.12169 
7.12169 6.81612 6.23488 5.43488 4.49443 3.50557 2.56512 1.76512 1.18388 0.87831 0.87831 1.18388 1.76512 2.56512 3.50557 4.49443 5.43488 6.23488 6.81612 7.12169 7.12169 6.81612 6.23488 5.43488 4.49443 3.50557 2.56512 1.76512 1.18388 0.87831 0.87831 1.18388 1.76512 2.56512 3.50557 4.49443 5.43488 6.23488 6.81612 7.12169 
6.81612 6.54046 6.01612 5.29443 4.44603 3.55397 2.70557 1.98388 1.45954 1.18388 1.18388 1.45954 1.98388 2.70557 3.55397 4.44603 5.29443 6.01612 6.54046 6.81612 6.81612 6.54046 6.01612 5.29443 4.44603 3.55397 2.70557 1.98388 1.45954 1.18388 1.18388 1.45954 1.98388 2.70557 3.55397 4.44603 5.29443 6.01612 6.54046 6.81612 
6.23488 6.01612 5.6 5.02726 4.35397 3.64603 2.97274 2.4 1.98388 1.76512 1.76512 1.98388 2.4 2.97274 3.64603 4.35397 5.02726 5.6 6.01612 6.23488 6.23488 6.01612 5.6 5.02726 4.35397 3.64603 2.97274 2.4 1.98388 1.76512 1.76512 1.98388 2.4 2.97274 3.64603 4.35397 5.02726 5.6 6.01612 6.23488 
5.43488 5.29443 5.02726 4.65954 4.22726 3.77274 3.34046 2.97274 2.70557 2.56512 2.56512 2.70557 2.97274 3.34046 3.77274 4.22726 4.65954 5.02726 5.29443 5.43488 5.43488 5.29443 5.02726 4.65954 4.22726 3.77274 3.34046 2.97274 2.70557 2.56512 2.56512 2.70557 2.97274 3.34046 3.77274 4.22726 4.65954 5.02726 5.29443 5.43488 
4.49443 4.44603 4.35397 4.22726 4.07831 3.92169 3.77274 3.64603 3.55397 3.50557 3.50557 3.55397 3.64603 3.77274 3.92169 4.07831 4.22726 4.35397 4.44603 4.49443 4.49443 4.44603 4.35397 4.22726 4.07831 3.92169 3.77274 3.64603 3.55397 3.50557 3.50557 3.55397 3.64603 3.77274 3.92169 4.07831 4.22726 4.35397 4.44603 4.49443 
3.50557 3.55397 3.64603 3.77274 3.92169 4.07831 4.22726 4.35397 4.44603 4.49443 4.49443 4.44603 4.35397 4.22726 4.07831 3.92169 3.77274 3.64603 3.55397 3.50557 3.50557 3.55397 3.64603 3.77274 3.92169 4.07831 4.22726 4.35397 4.44603 4.49443 4.49443 4.44603 4.35397 4.22726 4.07831 3.92169 3.77274 3.64603 3.55397 3.50557 
2.56512 2.70557 2.97274 3.34046 3.77274 4.22726 4.65954 5.02726 5.29443 5.43488 5.43488 5.29443 5.02726 4.65954 4.22726 3.77274 3.34046 2.97274 2.70557 2.56512 2.56512 2.70557 2.97274 3.34046 3.77274 4.22726 4.65954 5.02726 5.29443 5.43488 5.43488 5.29443 5.02726 4.65954 4.22726 3.77274 3.34046 2.97274 2.70557 2.56512 
1.76512 1.98388 2.4 2.97274 3.64603 4.35397 5.02726 5.6 6.01612 6.23488 6.23488 6.01612 5.6 5.02726 4.35397 3.64603 2.97274 2.4 1.98388 1.76512 1.76512 1.98388 2.4 2.97274 3.64603 4.35397 5.02726 5.6 6.01612 6.23488 6.23488 6.01612 5.6 5.02726 4.35397 3.64603 2.97274 2.4 1.98388 1.76512 
1.18388 1.45954 1.98388 2.70557 3.55397 4.44603 5.29443 6.01612 6.54046 6.81612 6.81612 6.54046 6.01612 5.29443 4.44603 3.55397 2.70557 1.98388 1.45954 1.18388 1.18388 1.45954 1.98388 2.70557 3.55397 4.44603 5.29443 6.01612 6.54046 6.81612 6.81612 6.54046 6.01612 5.29443 4.44603 3.55397 2.70557 1.98388 1.45954 1.18388 
0.87831 1.18388 1.76512 2.56512 3.50557 4.49443 5.43488 6.23488 6.81612 7.12169 7.12169 6.81612 6.23488 5.43488 4.49443 3.50557 2.56512 1.76512 1.18388 0.87831 0.87831 1.18388 1.76512 2.56512 3.50557 4.49443 5.43488 6.23488 6.81612 7.12169 7.12169 6.81612 6.23488 5.43488 4.49443 3.50557 2.56512 1.76512 1.18388 0.87831 
0.87831 1.18388 1.76512 2.56512 3.50557 4.49443 5.43488 6.23488 6.81612 7.12169 7.12169 6.81612 6.23488 5.43488 4.49443 3.50557 2.56512 1.76512 1.18388 0.87831 0.87831 1.18388 1.76512 2.56512 3.50557 4.49443 5.43488 6.23488 6.81612 7.12169 7.12169 6.81612 6.23488 5.43488 4.49443 3.50557 2.56512 1.76512 1.18388 0.87831 
1.18388 1.45954 1.98388 2.70557 3.55397 4.44603 5.29443 6.01612 6.54046 6.81612 6.81612 6.54046 6.01612 5.29443 4.44603 3.55397 2.70557 1.98388 1.45954 1.18388 1.18388 1.45954 1.98388 2.70557 3.55397 4.44603 5.29443 6.01612 6.54046 6.81612 6.81612 6.54046 6.01612 5.29443 4.44603 3.55397 2.70557 1.98388 1.45954 1.18388 
1.76512 1.98388 2.4 2.97274 3.64603 4.35397 5.02726 5.6 6.01612 6.23488 6.23488 6.01612 5.6 5.02726 4.35397 3.64603 2.97274 2.4 1.98388 1.76512 1.76512 1.98388 2.4 2.97274 3.64603 4.35397 5.02726 5.6 6.01612 6.23488 6.23488 6.01612 5.6 5.02726 4.35397 3.64603 2.97274 2.4 1.98388 1.76512 
2.56512 2.70557 2.97274 3.34046 3.77274 4.22726 4.65954 5.02726 5.29443 5.43488 5.43488 5.29443 5.02726 4.65954 4.22726 3.77274 3.34046 2.97274 2.70557 2.56512 2.56512 2.70557 2.97274 3.34046 3.77274 4.22726 4.65954 5.02726 5.29443 5.43488 5.43488 5.29443 5.02726 4.65954 4.22726 3.77274 3.34046 2.97274 2.70557 2.56512 
3.50557 3.55397 3.64603 3.77274 3.92169 4.07831 4.22726 4.35397 4.44603 4.49443 4.49443 4.44603 4.35397 4.22726 4.07831 3.92169 3.77274 3.64603 3.55397 3.50557 3.50557 3.55397 3.64603 3.77274 3.92169 4.07831 4.22726 4.35397 4.44603 4.49443 4.49443 4.44603 4.35397 4.22726 4.07831 3.92169 3.77274 3.64603 3.55397 3.50557 
4.49443 4.44603 4.35397 4.22726 4.07831 3.92169 3.77274 3.64603 3.55397 3.50557 3.50557 3.55397 3.64603 3.77274 3.92169 4.07831 4.22726 4.35397 4.44603 4.49443 4.49443 4.44603 4.35397 4.22726 4.07831 3.92169 3.77274 3.64603 3.55397 3.50557 3.50557 3.55397 3.64603 3.77274 3.92169 4.07831 4.22726 4.35397 4.44603 4.49443 
5.43488 5.29443 5.02726 4.65954 4.22726 3.77274 3.34046 2.97274 2.70557 2.56512 2.56512 2.70557 2.97274 3.34046 3.77274 4.22726 4.65954 5.02726 5.29443 5.43488 5.43488 5.29443 5.02726 4.65954 4.22726 3.77274 3.34046 2.97274 2.70557 2.56512 2.56512 2.70557 2.97274 3.34046 3.77274 4.22726 4.65954 5.02726 5.29443 5.43488 
6.23488 6.01612 5.6 5.02726 4.35397 3.64603 2.97274 2.4 1.98388 1.76512 1.76512 1.98388 2.4 2.97274 3.64603 4.35397 5.02726 5.6 6.01612 6.23488 6.23488 6.01612 5.6 5.02726 4.35397 3.64603 2.97274 2.4 1.98388 1.76512 1.76512 1.98388 2.4 2.97274 3.64603 4.35397 5.02726 5.6 6.01612 6.23488 
6.81612 6.54046 6.01612 5.29443 4.44603 3.55397 2.70557 1.98388 1.45954 1.18388 1.18388 1.45954 1.98388 2.70557 3.55397 4.44603 5.29443 6.01612 6.54046 6.81612 6.81612 6.54046 6.01612 5.29443 4.44603 3.55397 2.70557 1.98388 1.45954 1.18388 1.18388 1.45954 1.98388 2.70557 3.55397 4.44603 5.29443 6.01612 6.54046 6.81612 
7.12169 6.81612 6.23488 5.43488 4.49443 3.50557 2.56512 1.76512 1.18388 0.87831 0.87831 1.18388 1.76512 2.56512 3.50557 4.49443 5.43488 6.23488 6.81612 7.12169 7.12169 6.81612 6.23488 5.43488 4.49443 3.50557 2.56512 1.76512 1.18388 0.87831 0.87831 1.18388 1.76512 2.56512 3.50557 4.49443 5.43488 6.23488 6.81612 7.12169 
