6.89348e-08 -2.30918e-09 0 -3.91915e-09 0 0 0 0 0 6.23702e-05 
-2.30918e-09 6.23617e-09 -1.9635e-09 0 -1.9635e-09 0 0 0 0 3.36217e-07 
0 -1.9635e-09 3.53429e-08 0 0 -1.9635e-09 0 0 0 3.14159e-06 
-3.91915e-09 0 0 7.3161e-08 -2.61625e-09 0 -3.91915e-09 0 0 6.23255e-05 
0 -1.9635e-09 0 -2.61625e-09 4.82518e-09 -1.22718e-10 0 -1.22718e-10 0 3.80926e-07 
0 0 -1.9635e-09 0 -1.22718e-10 3.54656e-08 0 0 -1.9635e-09 3.14159e-06 
0 0 0 -3.91915e-09 0 0 6.97634e-08 -3.13783e-09 0 6.22496e-05 
0 0 0 0 -1.22718e-10 0 -3.13783e-09 5.22404e-09 -1.9635e-09 4.56868e-07 
0 0 0 0 0 -1.9635e-09 0 -1.9635e-09 3.53429e-08 3.14159e-06 
